1
0
0.999588
-0.0824569
0.998351
-0.16487
0.996291
-0.247196
0.993408
-0.32939
0.989703
-0.411407
0.98518
-0.493204
0.97984
-0.574733
0.973687
-0.655948
0.966722
-0.736802
0.958952
-0.817245
0.950379
-0.897228
0.941009
-0.976701
0.930847
-1.05561
0.919899
-1.1339
0.908171
-1.21152
0.895671
-1.2884
0.882406
-1.3645
0.868384
-1.43975
0.853614
-1.51408
0.838105
-1.58744
0.821869
-1.65976
0.804914
-1.73097
0.787253
-1.80101
0.768898
-1.8698
0.749861
-1.93727
0.730157
-2.00336
0.709799
-2.06798
0.688803
-2.13106
0.667183
-2.19253
0.644958
-2.25232
0.622143
-2.31034
0.598757
-2.36652
0.574819
-2.42078
0.550348
-2.47305
0.525365
-2.52326
0.49989
-2.57133
0.473945
-2.61718
0.447554
-2.66076
0.420738
-2.70198
0.393522
-2.74079
0.365931
-2.77712
0.337988
-2.8109
0.309721
-2.84209
0.281155
-2.87063
0.252318
-2.89646
0.223235
-2.91954
0.193936
-2.93984
0.164448
-2.9573
0.1348
-2.97191
0.105019
-2.98364
0.0751365
-2.99245
0.0451801
-2.99835
0.0151794
-3.0013
-0.0148362
-3.00132
-0.0448372
-2.9984
-0.0747943
-2.99254
-0.104678
-2.98375
-0.13446
-2.97206
-0.16411
-2.95749
-0.1936
-2.94005
-0.222901
-2.91979
-0.251986
-2.89674
-0.280827
-2.87094
-0.309396
-2.84243
-0.337667
-2.81127
-0.365613
-2.77752
-0.393209
-2.74122
-0.420429
-2.70244
-0.447249
-2.66124
-0.473646
-2.6177
-0.499596
-2.57187
-0.525076
-2.52382
-0.550065
-2.47364
-0.574542
-2.42139
-0.598486
-2.36715
-0.621878
-2.31099
-0.6447
-2.25299
-0.666932
-2.19323
-0.688559
-2.13177
-0.709563
-2.06871
-0.729928
-2.0041
-0.74964
-1.93804
-0.768684
-1.87058
-0.787047
-1.8018
-0.804716
-1.73178
-0.821679
-1.66058
-0.837924
-1.58828
-0.853441
-1.51493
-0.868219
-1.4406
-0.88225
-1.36536
-0.895524
-1.28928
-0.908033
-1.2124
-0.919769
-1.13479
-0.930726
-1.05651
-0.940897
-0.977606
-0.950276
-0.89814
-0.958858
-0.818163
-0.966638
-0.737724
-0.973611
-0.656875
-0.979774
-0.575663
-0.985124
-0.494138
-0.989656
-0.412344
-0.99337
-0.330329
-0.996262
-0.248137
-0.998332
-0.165812
-0.999578
-0.0833997
-1
-0.000943104
-0.999597
0.081514
-0.99837
0.163928
-0.996319
0.246255
-0.993445
0.328451
-0.98975
0.410471
-0.985236
0.49227
-0.979906
0.573802
-0.973761
0.655021
-0.966807
0.735879
-0.959045
0.816328
-0.950482
0.896317
-0.941121
0.975795
-0.930968
1.05471
-0.920028
1.13301
-0.90831
1.21063
-0.895818
1.28753
-0.882562
1.36363
-0.868548
1.43889
-0.853787
1.51324
-0.838287
1.58661
-0.822058
1.65894
-0.805112
1.73017
-0.787459
1.80022
-0.769112
1.86902
-0.750083
1.93651
-0.730386
2.00261
-0.710036
2.06725
-0.689046
2.13035
-0.667434
2.19184
-0.645215
2.25164
-0.622407
2.30968
-0.599028
2.36588
-0.575096
2.42017
-0.550631
2.47247
-0.525653
2.5227
-0.500184
2.57079
-0.474245
2.61667
-0.447858
2.66027
-0.421047
2.70153
-0.393836
2.74036
-0.366248
2.77672
-0.33831
2.81053
-0.310046
2.84175
-0.281484
2.87031
-0.252649
2.89618
-0.223569
2.91929
-0.194272
2.93962
-0.164786
2.95712
-0.135139
2.97176
-0.105361
2.98352
-0.0754788
2.99237
-0.045523
2.99829
-0.0155226
3.00129
0.0144929
3.00134
0.0444943
2.99845
0.074452
2.99262
0.104337
2.98387
0.13412
2.97221
0.163772
2.95767
0.193264
2.94027
0.222568
2.92004
0.251655
2.89702
0.280499
2.87125
0.309071
2.84277
0.337345
2.81165
0.365295
2.77792
0.392895
2.74165
0.42012
2.7029
0.446945
2.66173
0.473347
2.61821
0.499302
2.5724
0.524787
2.52438
0.549782
2.47422
0.574265
2.422
0.598215
2.36778
0.621614
2.31164
0.644442
2.25366
0.666682
2.19392
0.688315
2.13249
0.709326
2.06944
0.729699
2.00485
0.749418
1.9388
0.76847
1.87136
0.786841
1.8026
0.804518
1.73259
0.821489
1.6614
0.837742
1.58911
0.853267
1.51577
0.868054
1.44146
0.882093
1.36623
0.895376
1.29015
0.907894
1.21328
0.919639
1.13568
0.930605
1.05741
0.940785
0.978512
0.950174
0.899052
0.958765
0.81908
0.966554
0.738646
0.973536
0.657802
0.979709
0.576594
0.985067
0.495072
0.989609
0.413281
0.993332
0.331268
0.996234
0.249077
0.998313
0.166754
0.999569
0.0843426
1
0.00188621
0.999606
-0.0805712
0.998389
-0.162986
0.996347
-0.245314
0.993483
-0.327511
0.989797
-0.409534
0.985293
-0.491336
0.979971
-0.572871
0.973836
-0.654094
0.966891
-0.734957
0.959139
-0.81541
0.950584
-0.895405
0.941232
-0.974889
0.931088
-1.05381
0.920158
-1.13212
0.908448
-1.20975
0.895965
-1.28665
0.882718
-1.36277
0.868713
-1.43804
0.85396
-1.51239
0.838468
-1.58578
0.822248
-1.65812
0.80531
-1.72936
0.787665
-1.79942
0.769325
-1.86824
0.750304
-1.93575
0.730615
-2.00186
0.710272
-2.06652
0.68929
-2.12964
0.667685
-2.19115
0.645473
-2.25097
0.622671
-2.30903
0.599298
-2.36525
0.575372
-2.41956
0.550913
-2.47188
0.525942
-2.52214
0.500478
-2.57025
0.474544
-2.61616
0.448162
-2.65979
0.421356
-2.70107
0.394149
-2.73993
0.366566
-2.77631
0.338631
-2.81016
0.310371
-2.84141
0.281812
-2.87
0.25298
-2.8959
0.223903
-2.91905
0.194609
-2.9394
0.165124
-2.95694
0.135479
-2.97161
0.105702
-2.9834
0.075821
-2.99228
0.0458659
-2.99824
0.0158659
-3.00127
-0.0141497
-3.00135
-0.0441513
-2.9985
-0.0741098
-2.9927
-0.103996
-2.98399
-0.13378
-2.97236
-0.163433
-2.95785
-0.192927
-2.94048
-0.222234
-2.92028
-0.251324
-2.8973
-0.28017
-2.87156
-0.308746
-2.84311
-0.337024
-2.81202
-0.364978
-2.77832
-0.392582
-2.74208
-0.419811
-2.70336
-0.446641
-2.66221
-0.473047
-2.61872
-0.499007
-2.57294
-0.524499
-2.52494
-0.549499
-2.47481
-0.573988
-2.42261
-0.597945
-2.36841
-0.62135
-2.31229
-0.644184
-2.25434
-0.666431
-2.19461
-0.688071
-2.1332
-0.709089
-2.07017
-0.729469
-2.0056
-0.749196
-1.93956
-0.768256
-1.87214
-0.786635
-1.80339
-0.80432
-1.7334
-0.821299
-1.66222
-0.83756
-1.58994
-0.853094
-1.51662
-0.867889
-1.44231
-0.881937
-1.3671
-0.895228
-1.29103
-0.907755
-1.21417
-0.919509
-1.13657
-0.930484
-1.05831
-0.940673
-0.979417
-0.950071
-0.899964
-0.958671
-0.819997
-0.966469
-0.739569
-0.973461
-0.658728
-0.979643
-0.577525
-0.98501
-0.496006
-0.989562
-0.414218
-0.993294
-0.332207
-0.996205
-0.250018
-0.998294
-0.167696
-0.999559
-0.0852854
-1
-0.00282931
-0.999616
0.0796283
-0.998407
0.162044
-0.996375
0.244373
-0.99352
0.326572
-0.989844
0.408597
-0.985349
0.490401
-0.980037
0.57194
-0.973911
0.653167
-0.966975
0.734034
-0.959232
0.814492
-0.950686
0.894492
-0.941344
0.973983
-0.931209
1.05291
-0.920287
1.13122
-0.908586
1.20886
-0.896113
1.28578
-0.882874
1.3619
-0.868877
1.43718
-0.854133
1.51155
-0.83865
1.58494
-0.822438
1.6573
-0.805507
1.72855
-0.78787
1.79863
-0.769539
1.86746
-0.750526
1.93498
-0.730844
2.00111
-0.710508
2.06579
-0.689533
2.12892
-0.667935
2.19045
-0.64573
2.25029
-0.622935
2.30838
-0.599569
2.36462
-0.575649
2.41895
-0.551196
2.47129
-0.52623
2.52157
-0.500772
2.56971
-0.474843
2.61565
-0.448466
2.6593
-0.421665
2.70061
-0.394462
2.7395
-0.366883
2.77591
-0.338953
2.80979
-0.310696
2.84106
-0.28214
2.86969
-0.253311
2.89562
-0.224237
2.9188
-0.194945
2.93919
-0.165463
2.95675
-0.135819
2.97146
-0.106043
2.98328
-0.0761632
2.9922
-0.0462088
2.99819
-0.0162091
3.00125
0.0138064
3.00137
0.0438084
2.99854
0.0737675
2.99279
0.103654
2.9841
0.13344
2.97251
0.163095
2.95804
0.192591
2.9407
0.2219
2.92053
0.250992
2.89757
0.279842
2.87187
0.308421
2.84345
0.336702
2.81239
0.36466
2.77872
0.392268
2.74251
0.419502
2.70381
0.446336
2.6627
0.472748
2.61923
0.498713
2.57347
0.52421
2.52551
0.549216
2.4754
0.573711
2.42322
0.597674
2.36904
0.621085
2.31295
0.643927
2.25501
0.66618
2.19531
0.687827
2.13391
0.708852
2.0709
0.72924
2.00635
0.748974
1.94033
0.768042
1.87292
0.786428
1.80418
0.804121
1.7342
0.821108
1.66304
0.837378
1.59077
0.85292
1.51746
0.867724
1.44317
0.881781
1.36796
0.895081
1.2919
0.907616
1.21505
0.919379
1.13746
0.930363
1.0592
0.940561
0.980323
0.949968
0.900876
0.958577
0.820914
0.966385
0.740491
0.973386
0.659655
0.979576
0.578455
0.984954
0.496939
0.989514
0.415154
0.993256
0.333146
0.996177
0.250959
0.998275
0.168638
0.999549
0.0862282
0.999999
0.00377241
0.999625
-0.0786854
0.998426
-0.161102
0.996403
-0.243432
0.993557
-0.325633
0.989891
-0.40766
0.985405
-0.489467
0.980102
-0.57101
0.973986
-0.65224
0.967059
-0.733112
0.959325
-0.813575
0.950789
-0.89358
0.941455
-0.973077
0.931329
-1.05201
0.920417
-1.13033
0.908725
-1.20798
0.89626
-1.2849
0.883029
-1.36104
0.869042
-1.43632
0.854306
-1.5107
0.838831
-1.58411
0.822627
-1.65648
0.805705
-1.72774
0.788076
-1.79783
0.769752
-1.86668
0.750747
-1.93422
0.731073
-2.00037
0.710744
-2.06506
0.689777
-2.12821
0.668186
-2.18976
0.645987
-2.24962
0.623199
-2.30772
0.599839
-2.36399
0.575926
-2.41834
0.551479
-2.47071
0.526518
-2.52101
0.501066
-2.56918
0.475142
-2.61514
0.448771
-2.65882
0.421974
-2.70015
0.394776
-2.73907
0.367201
-2.77551
0.339274
-2.80941
0.311021
-2.84072
0.282468
-2.86938
0.253642
-2.89534
0.224571
-2.91855
0.195281
-2.93897
0.165801
-2.95657
0.136159
-2.97131
0.106384
-2.98316
0.0765054
-2.99211
0.0465517
-2.99814
0.0165524
-3.00123
-0.0134632
-3.00138
-0.0434655
-2.99859
-0.0734252
-2.99287
-0.103313
-2.98422
-0.1331
-2.97266
-0.162757
-2.95822
-0.192255
-2.94091
-0.221566
-2.92078
-0.250661
-2.89785
-0.279513
-2.87218
-0.308095
-2.84379
-0.33638
-2.81276
-0.364342
-2.77912
-0.391954
-2.74294
-0.419192
-2.70427
-0.446032
-2.66318
-0.472448
-2.61974
-0.498419
-2.57401
-0.523921
-2.52607
-0.548933
-2.47598
-0.573434
-2.42382
-0.597403
-2.36967
-0.620821
-2.3136
-0.643669
-2.25568
-0.665928
-2.196
-0.687583
-2.13462
-0.708616
-2.07163
-0.72901
-2.00709
-0.748752
-1.94109
-0.767828
-1.87369
-0.786222
-1.80498
-0.803923
-1.73501
-0.820918
-1.66386
-0.837197
-1.59161
-0.852747
-1.5183
-0.867559
-1.44402
-0.881624
-1.36883
-0.894933
-1.29278
-0.907477
-1.21593
-0.919249
-1.13836
-0.930242
-1.0601
-0.940449
-0.981228
-0.949865
-0.901787
-0.958483
-0.821832
-0.9663
-0.741413
-0.97331
-0.660582
-0.97951
-0.579386
-0.984897
-0.497873
-0.989467
-0.416091
-0.993218
-0.334085
-0.996148
-0.2519
-0.998255
-0.16958
-0.999539
-0.0871711
-0.999999
-0.00471551
-0.999633
0.0777425
-0.998444
0.160159
-0.996431
0.242491
-0.993595
0.324694
-0.989937
0.406723
-0.985461
0.488533
-0.980168
0.570079
-0.97406
0.651313
-0.967142
0.732189
-0.959418
0.812657
-0.950891
0.892668
-0.941566
0.972171
-0.931449
1.05111
-0.920546
1.12944
-0.908863
1.2071
-0.896406
1.28403
-0.883185
1.36017
-0.869206
1.43547
-0.854478
1.50986
-0.839012
1.58328
-0.822816
1.65566
-0.805903
1.72693
-0.788282
1.79704
-0.769966
1.8659
-0.750968
1.93345
-0.731302
1.99962
-0.710981
2.06432
-0.69002
2.1275
-0.668436
2.18906
-0.646244
2.24895
-0.623463
2.30707
-0.600109
2.36335
-0.576202
2.41773
-0.551761
2.47012
-0.526807
2.52045
-0.501359
2.56864
-0.475441
2.61462
-0.449075
2.65833
-0.422283
2.69969
-0.395089
2.73864
-0.367518
2.77511
-0.339595
2.80904
-0.311346
2.84038
-0.282796
2.86907
-0.253974
2.89505
-0.224904
2.9183
-0.195617
2.93875
-0.166139
2.95638
-0.136499
2.97116
-0.106725
2.98304
-0.0768476
2.99203
-0.0468945
2.99809
-0.0168956
3.00121
0.0131199
3.0014
0.0431226
2.99864
0.073083
2.99295
0.102972
2.98433
0.13276
2.97281
0.162418
2.9584
0.191918
2.94113
0.221231
2.92102
0.25033
2.89813
0.279185
2.87248
0.30777
2.84413
0.336059
2.81313
0.364024
2.77952
0.391641
2.74336
0.418883
2.70472
0.445727
2.66366
0.472149
2.62025
0.498124
2.57455
0.523632
2.52663
0.54865
2.47656
0.573156
2.42443
0.597132
2.3703
0.620556
2.31425
0.643411
2.25636
0.665677
2.19669
0.687339
2.13533
0.708379
2.07236
0.728781
2.00784
0.74853
1.94185
0.767613
1.87447
0.786015
1.80577
0.803724
1.73582
0.820728
1.66468
0.837014
1.59244
0.852573
1.51915
0.867394
1.44488
0.881468
1.36969
0.894785
1.29365
0.907338
1.21682
0.919119
1.13925
0.930121
1.061
0.940337
0.982134
0.949762
0.902699
0.958389
0.822749
0.966215
0.742335
0.973234
0.661508
0.979444
0.580316
0.98484
0.498807
0.989419
0.417028
0.99318
0.335024
0.996119
0.25284
0.998236
0.170522
0.999529
0.0881139
0.999998
0.00565861
0.999642
-0.0767997
0.998462
-0.159217
0.996458
-0.24155
0.993632
-0.323755
0.989984
-0.405786
0.985517
-0.487599
0.980233
-0.569148
0.974135
-0.650386
0.967226
-0.731266
0.959511
-0.811739
0.950993
-0.891756
0.941677
-0.971265
0.931569
-1.05021
0.920675
-1.12855
0.909001
-1.20621
0.896553
-1.28315
0.88334
-1.3593
0.86937
-1.43461
0.854651
-1.50901
0.839193
-1.58244
0.823006
-1.65483
0.8061
-1.72612
0.788487
-1.79624
0.770179
-1.86512
0.751189
-1.93269
0.73153
-1.99887
0.711217
-2.06359
0.690263
-2.12678
0.668686
-2.18837
0.646502
-2.24827
0.623727
-2.30641
0.60038
-2.36272
0.576479
-2.41712
0.552044
-2.46953
0.527095
-2.51988
0.501653
-2.5681
0.47574
-2.61411
0.449379
-2.65784
0.422591
-2.69923
0.395402
-2.73821
0.367835
-2.77471
0.339916
-2.80867
0.311671
-2.84003
0.283125
-2.86875
0.254305
-2.89477
0.225238
-2.91805
0.195953
-2.93853
0.166477
-2.9562
0.136839
-2.971
0.107067
-2.98293
0.0771897
-2.99194
0.0472374
-2.99803
0.0172388
-3.00119
-0.0127766
-3.00141
-0.0427796
-2.99869
-0.0727407
-2.99303
-0.102631
-2.98445
-0.13242
-2.97296
-0.16208
-2.95858
-0.191582
-2.94134
-0.220897
-2.92127
-0.249998
-2.89841
-0.278856
-2.87279
-0.307445
-2.84447
-0.335737
-2.8135
-0.363706
-2.77992
-0.391327
-2.74379
-0.418574
-2.70518
-0.445422
-2.66415
-0.471849
-2.62076
-0.49783
-2.57508
-0.523343
-2.52719
-0.548367
-2.47715
-0.572879
-2.42504
-0.596861
-2.37093
-0.620291
-2.3149
-0.643153
-2.25703
-0.665426
-2.19738
-0.687095
-2.13604
-0.708141
-2.07309
-0.728551
-2.00859
-0.748308
-1.94262
-0.767399
-1.87525
-0.785809
-1.80656
-0.803526
-1.73663
-0.820537
-1.6655
-0.836832
-1.59327
-0.852399
-1.51999
-0.867229
-1.44573
-0.881311
-1.37056
-0.894637
-1.29452
-0.907199
-1.2177
-0.918989
-1.14014
-0.929999
-1.0619
-0.940225
-0.983039
-0.949658
-0.90361
-0.958295
-0.823666
-0.96613
-0.743257
-0.973159
-0.662435
-0.979377
-0.581247
-0.984783
-0.499741
-0.989371
-0.417964
-0.993141
-0.335963
-0.99609
-0.253781
-0.998216
-0.171464
-0.999519
-0.0890567
-0.999997
-0.00660171
-0.999651
0.0758568
-0.99848
0.158275
-0.996486
0.240609
-0.993669
0.322815
-0.99003
0.404849
-0.985572
0.486665
-0.980298
0.568217
-0.974209
0.649459
-0.96731
0.730343
-0.959604
0.810821
-0.951095
0.890844
-0.941788
0.970358
-0.931689
1.04931
-0.920804
1.12766
-0.909139
1.20533
-0.8967
1.28228
-0.883496
1.35844
-0.869534
1.43376
-0.854824
1.50817
-0.839374
1.58161
-0.823195
1.65401
-0.806297
1.72532
-0.788693
1.79545
-0.770393
1.86434
-0.75141
1.93192
-0.731759
1.99812
-0.711453
2.06286
-0.690507
2.12607
-0.668937
2.18767
-0.646759
2.24759
-0.62399
2.30576
-0.60065
2.36209
-0.576755
2.41651
-0.552326
2.46894
-0.527383
2.51932
-0.501947
2.56756
-0.476039
2.6136
-0.449683
2.65736
-0.4229
2.69877
-0.395715
2.73777
-0.368153
2.7743
-0.340238
2.80829
-0.311995
2.83969
-0.283453
2.86844
-0.254636
2.89449
-0.225572
2.9178
-0.196289
2.93832
-0.166815
2.95601
-0.137178
2.97085
-0.107408
2.98281
-0.0775319
2.99185
-0.0475803
2.99798
-0.0175821
3.00117
0.0124334
3.00143
0.0424367
2.99874
0.0723984
2.99311
0.102289
2.98456
0.13208
2.97311
0.161742
2.95876
0.191246
2.94155
0.220563
2.92152
0.249667
2.89868
0.278528
2.8731
0.30712
2.84481
0.335415
2.81387
0.363388
2.78032
0.391013
2.74422
0.418264
2.70564
0.445118
2.66463
0.471549
2.62127
0.497535
2.57562
0.523054
2.52775
0.548083
2.47773
0.572602
2.42565
0.596589
2.37156
0.620027
2.31555
0.642894
2.2577
0.665175
2.19807
0.68685
2.13675
0.707904
2.07381
0.728321
2.00933
0.748086
1.94338
0.767184
1.87603
0.785602
1.80736
0.803327
1.73743
0.820347
1.66632
0.83665
1.5941
0.852226
1.52084
0.867063
1.44659
0.881154
1.37142
0.894489
1.2954
0.90706
1.21858
0.918858
1.14103
0.929878
1.0628
0.940112
0.983944
0.949555
0.904522
0.958201
0.824583
0.966045
0.744179
0.973083
0.663361
0.979311
0.582177
0.984725
0.500675
0.989324
0.418901
0.993103
0.336902
0.996061
0.254722
0.998197
0.172406
0.999509
0.0899995
0.999997
0.00754481
0.99966
-0.0749139
0.998498
-0.157333
0.996513
-0.239668
0.993705
-0.321876
0.990076
-0.403912
0.985628
-0.48573
0.980363
-0.567286
0.974283
-0.648532
0.967393
-0.729421
0.959696
-0.809904
0.951197
-0.889931
0.941899
-0.969452
0.931809
-1.04841
0.920933
-1.12676
0.909276
-1.20444
0.896847
-1.2814
0.883651
-1.35757
0.869698
-1.4329
0.854996
-1.50732
0.839555
-1.58077
0.823384
-1.65319
0.806495
-1.72451
0.788898
-1.79465
0.770606
-1.86356
0.751631
-1.93116
0.731987
-1.99737
0.711688
-2.06213
0.69075
-2.12536
0.669187
-2.18698
0.647016
-2.24692
0.624254
-2.3051
0.60092
-2.36145
0.577031
-2.4159
0.552608
-2.46835
0.527671
-2.51875
0.50224
-2.56702
0.476338
-2.61308
0.449986
-2.65687
0.423209
-2.69831
0.396028
-2.73734
0.36847
-2.7739
0.340559
-2.80792
0.31232
-2.83935
0.283781
-2.86813
0.254967
-2.89421
0.225906
-2.91755
0.196625
-2.9381
0.167153
-2.95582
0.137518
-2.9707
0.107749
-2.98268
0.0778741
-2.99177
0.0479231
-2.99793
0.0179253
-3.00115
-0.0120901
-3.00144
-0.0420937
-2.99879
-0.0720561
-2.99319
-0.101948
-2.98468
-0.13174
-2.97325
-0.161403
-2.95894
-0.190909
-2.94177
-0.220229
-2.92176
-0.249335
-2.89896
-0.278199
-2.87341
-0.306794
-2.84515
-0.335093
-2.81423
-0.36307
-2.78071
-0.390699
-2.74465
-0.417955
-2.70609
-0.444813
-2.66511
-0.471249
-2.62178
-0.497241
-2.57615
-0.522765
-2.52831
-0.5478
-2.47832
-0.572324
-2.42625
-0.596318
-2.37219
-0.619762
-2.3162
-0.642636
-2.25837
-0.664923
-2.19877
-0.686606
-2.13746
-0.707667
-2.07454
-0.728092
-2.01008
-0.747864
-1.94414
-0.76697
-1.87681
-0.785396
-1.80815
-0.803128
-1.73824
-0.820156
-1.66714
-0.836468
-1.59494
-0.852052
-1.52168
-0.866898
-1.44744
-0.880997
-1.37228
-0.894341
-1.29627
-0.90692
-1.21946
-0.918728
-1.14192
-0.929756
-1.0637
-0.939999
-0.984849
-0.949451
-0.905433
-0.958106
-0.8255
-0.96596
-0.745101
-0.973007
-0.664288
-0.979244
-0.583107
-0.984668
-0.501608
-0.989276
-0.419838
-0.993064
-0.33784
-0.996032
-0.255663
-0.998177
-0.173348
-0.999498
-0.0909423
-0.999996
-0.00848791
-0.999668
0.073971
-0.998516
0.156391
-0.996541
0.238727
-0.993742
0.320937
-0.990122
0.402975
-0.985683
0.484796
-0.980427
0.566355
-0.974357
0.647605
-0.967477
0.728498
-0.959789
0.808986
-0.951298
0.889019
-0.94201
0.968546
-0.931929
1.04751
-0.921062
1.12587
-0.909414
1.20356
-0.896993
1.28052
-0.883806
1.3567
-0.869862
1.43204
-0.855168
1.50647
-0.839736
1.57994
-0.823573
1.65237
-0.806692
1.7237
-0.789103
1.79386
-0.770819
1.86278
-0.751852
1.93039
-0.732216
1.99662
-0.711924
2.0614
-0.690993
2.12464
-0.669437
2.18628
-0.647273
2.24624
-0.624518
2.30445
-0.60119
2.36082
-0.577308
2.41529
-0.552891
2.46777
-0.527959
2.51819
-0.502534
2.56648