1
0
0.999356
-0.103066
0.997424
-0.206047
0.994205
-0.308856
0.989703
-0.411407
0.983922
-0.513613
0.976865
-0.615383
0.968539
-0.716625
0.958952
-0.817245
0.948111
-0.917146
0.936027
-1.01623
0.922709
-1.11439
0.908171
-1.21152
0.892426
-1.3075
0.875489
-1.40223
0.857376
-1.49559
0.838105
-1.58744
0.817697
-1.67767
0.796171
-1.76614
0.773551
-1.85272
0.749861
-1.93727
0.725128
-2.01965
0.69938
-2.09972
0.672646
-2.17732
0.644958
-2.25232
0.616349
-2.32456
0.586856
-2.39389
0.556515
-2.46018
0.525365
-2.52326
0.493447
-2.583
0.460804
-2.63926
0.427481
-2.6919
0.393522
-2.74079
0.358977
-2.7858
0.323894
-2.82683
0.288323
-2.86374
0.252318
-2.89646
0.21593
-2.92488
0.179214
-2.94893
0.142225
-2.96853
0.105019
-2.98364
0.0676532
-2.9942
0.0301835
-3.00019
-0.00733247
-3.00159
-0.0448372
-2.9984
-0.0822732
-2.99061
-0.119584
-2.97827
-0.156711
-2.9614
-0.1936
-2.94005
-0.230194
-2.91429
-0.266439
-2.88418
-0.302281
-2.84981
-0.337667
-2.81127
-0.372546
-2.76868
-0.406867
-2.72214
-0.440583
-2.67177
-0.473646
-2.6177
-0.506011
-2.56006
-0.537633
-2.49899
-0.568472
-2.43464
-0.598486
-2.36715
-0.627638
-2.29666
-0.655891
-2.22332
-0.68321
-2.14729
-0.709563
-2.06871
-0.734918
-1.98772
-0.759246
-1.90448
-0.782521
-1.81912
-0.804716
-1.73178
-0.825808
-1.64261
-0.845774
-1.55173
-0.864594
-1.45927
-0.88225
-1.36536
-0.898723
-1.27013
-0.913998
-1.17368
-0.92806
-1.07614
-0.940897
-0.977606
-0.952497
-0.878192
-0.962849
-0.777998
-0.971944
-0.677123
-0.979774
-0.575664
-0.986333
-0.473713
-0.991616
-0.371361
-0.995616
-0.268699
-0.998332
-0.165812
-0.999761
-0.0627881
-0.999902
0.0402881
-0.998754
0.143331
-0.996319
0.246255
-0.992598
0.348974
-0.987596
0.4514
-0.981315
0.553446
-0.973761
0.655021
-0.964942
0.756032
-0.954863
0.856383
-0.943535
0.955976
-0.930968
1.05471
-0.917172
1.15248
-0.90216
1.24917
-0.885947
1.34468
-0.868548
1.43889
-0.849981
1.53167
-0.830263
1.62291
-0.809415
1.71247
-0.787459
1.80022
-0.764418
1.88602
-0.740317
1.96974
-0.715184
2.05123
-0.689046
2.13035
-0.661935
2.20695
-0.633884
2.28089
-0.604925
2.35201
-0.575096
2.42017
-0.544434
2.48522
-0.512979
2.54702
-0.480772
2.60541
-0.447858
2.66027
-0.414281
2.71146
-0.380087
2.75885
-0.345326
2.80232
-0.310046
2.84175
-0.274299
2.87704
-0.238138
2.90808
-0.201615
2.9348
-0.164786
2.95712
-0.127706
2.97497
-0.0904308
2.98831
-0.0530173
2.99709
-0.0155227
3.00129
0.0219957
3.00089
0.0594804
2.9959
0.0968741
2.98633
0.13412
2.97221
0.171161
2.95359
0.207941
2.9305
0.244405
2.90303
0.280499
2.87125
0.316169
2.83524
0.351362
2.7951
0.386029
2.75095
0.42012
2.7029
0.453586
2.65107
0.486381
2.59559
0.518461
2.53659
0.549782
2.47422
0.580303
2.40863
0.609985
2.33995
0.63879
2.26833
0.666682
2.19392
0.693627
2.11687
0.719593
2.03733
0.74455
1.95545
0.76847
1.87136
0.791326
1.78521
0.813092
1.69714
0.833747
1.60728
0.853267
1.51577
0.871635
1.42273
0.88883
1.32829
0.904837
1.23257
0.919639
1.13568
0.933224
1.03774
0.945579
0.938849
0.956692
0.839118
0.966554
0.738647
0.975155
0.637532
0.98249
0.535869
0.98855
0.433751
0.993332
0.331268
0.996831
0.228507
0.999044
0.125557
0.999969
0.0225022
0.999606
-0.080571
0.997955
-0.183578
0.995018
-0.286432
0.990796
-0.389047
0.985293
-0.491335
0.978514
-0.593208
0.970465
-0.694573
0.961152
-0.795338
0.950584
-0.895404
0.93877
-0.994674
0.925721
-1.09304
0.911448
-1.19041
0.895966
-1.28665
0.879287
-1.38167
0.861429
-1.47533
0.84241
-1.56752
0.822248
-1.65812
0.800964
-1.74699
0.778581
-1.83399
0.755123
-1.919
0.730615
-2.00186
0.705086
-2.08244
0.678564
-2.1606
0.651082
-2.23618
0.622671
-2.30903
0.593368
-2.37901
0.563208
-2.44597
0.532232
-2.50977
0.500478
-2.57025
0.46799
-2.62728
0.434811
-2.68073
0.400987
-2.73044
0.366566
-2.77631
0.331596
-2.81822
0.296127
-2.85604
0.260212
-2.88968
0.223903
-2.91905
0.187254
-2.94405
0.15032
-2.96463
0.113157
-2.98073
0.075821
-2.99228
0.038369
-2.99927
0.000858282
-3.00168
-0.0366538
-2.99948
-0.0741097
-2.9927
-0.111452
-2.98135
-0.148625
-2.96547
-0.18557
-2.94509
-0.222233
-2.92028
-0.258559
-2.89112
-0.294494
-2.85767
-0.329984
-2.82004
-0.364977
-2.77832
-0.399425
-2.73263
-0.433277
-2.68308
-0.466487
-2.62981
-0.499007
-2.57294
-0.530796
-2.51261
-0.561809
-2.44896
-0.592006
-2.38214
-0.62135
-2.31229
-0.649802
-2.23957
-0.677328
-2.16411
-0.703894
-2.08607
-0.729469
-2.0056
-0.754024
-1.92284
-0.777531
-1.83793
-0.799964
-1.75101
-0.821299
-1.66222
-0.841512
-1.57171
-0.860585
-1.47958
-0.878496
-1.38598
-0.895228
-1.29103
-0.910766
-1.19483
-0.925095
-1.09752
-0.9382
-0.999195
-0.950071
-0.899964
-0.960696
-0.799932
-0.970066
-0.699197
-0.978173
-0.597857
-0.98501
-0.496006
-0.990572
-0.393734
-0.994852
-0.291132
-0.997849
-0.188287
-0.999559
-0.0852856
-0.999981
0.0177865
-0.999114
0.120844
-0.99696
0.223801
-0.99352
0.326572
-0.988797
0.42907
-0.982795
0.531207
-0.975519
0.632892
-0.966975
0.734034
-0.95717
0.834537
-0.946114
0.934304
-0.933816
1.03323
-0.920287
1.13122
-0.90554
1.22816
-0.889588
1.32394
-0.872447
1.41844
-0.854133
1.51155
-0.834665
1.60313
-0.814062
1.69307
-0.792345
1.78122
-0.769539
1.86746
-0.745667
1.95165
-0.720757
2.03364
-0.694836
2.11329
-0.667935
2.19045
-0.640086
2.26498
-0.611322
2.33673
-0.58168
2.40555
-0.551196
2.47129
-0.519911
2.53381
-0.487865
2.59296
-0.455101
2.64861
-0.421665
2.70061
-0.387602
2.74884
-0.35296
2.79317
-0.317789
2.83349
-0.28214
2.86969
-0.246065
2.90167
-0.209616
2.92934
-0.172849
2.95263
-0.135819
2.97146
-0.0985817
2.98578
-0.0611936
2.99556
-0.0237118
3.00076
0.0138063
3.00137
0.0513033
2.99738
0.0887217
2.98881
0.126005
2.97568
0.163095
2.95804
0.199937
2.93592
0.236475
2.9094
0.272654
2.87855
0.308421
2.84345
0.343723
2.80421
0.378509
2.76093
0.41273
2.71372
0.446336
2.6627
0.479282
2.608
0.511521
2.54976
0.543012
2.48812
0.573711
2.42322
0.603579
2.35519
0.632578
2.2842
0.660672
2.21039
0.687827
2.13391
0.71401
2.0549
0.73919
1.97352
0.763338
1.8899
0.786428
1.80418
0.808435
1.71652
0.829334
1.62704
0.849104
1.53588
0.867724
1.44317
0.885177
1.34902
0.901445
1.25357
0.916511
1.15693
0.930363
1.0592
0.942987
0.960512
0.954372
0.860956
0.964508
0.760638
0.973386
0.659655
0.980997
0.558104
0.987336
0.456078
0.992397
0.353667
0.996177
0.250959
0.998671
0.148043
0.999877
0.0450036
0.999795
-0.0580729
0.998426
-0.161101
0.995769
-0.263996
0.991827
-0.366671
0.986603
-0.469038
0.980102
-0.571009
0.97233
-0.672493
0.963292
-0.773397
0.952998
-0.873624
0.941455
-0.973077
0.928674
-1.07165
0.914668
-1.16924
0.899448
-1.26574
0.883029
-1.36104
0.865428
-1.45501
0.84666
-1.54753
0.826746
-1.63849
0.805705
-1.72774
0.78356
-1.81516
0.760334
-1.90062
0.736053
-1.98396
0.710744
-2.06505
0.684437
-2.14375
0.657161
-2.2199
0.62895
-2.29337
0.599839
-2.36399
0.569863
-2.43162
0.539062
-2.49612
0.507474
-2.55734
0.475142
-2.61514
0.44211
-2.66937
0.408423
-2.71992
0.374128
-2.76664
0.339274
-2.80941
0.30391
-2.84814
0.268088
-2.8827
0.23186
-2.913
0.195281
-2.93897
0.158404
-2.96052
0.121287
-2.9776
0.0839833
-2.99015
0.0465518
-2.99814
0.00904897
-3.00154
-0.0284677
-3.00036
-0.0659408
-2.99457
-0.103313
-2.98422
-0.140527
-2.96932
-0.177527
-2.94992
-0.214257
-2.92607
-0.250661
-2.89785
-0.286685
-2.86533
-0.322277
-2.8286
-0.357383
-2.78777
-0.391954
-2.74294
-0.42594
-2.69422
-0.459294
-2.64175
-0.491969
-2.58565