1
0
1
-0.0824642
0.999175
-0.164928
0.997526
-0.247349
0.995053
-0.329682
0.991756
-0.411883
0.987637
-0.493908
0.982698
-0.575711
0.976941
-0.657247
0.970368
-0.738468
0.962984
-0.819327
0.95479
-0.899775
0.945793
-0.979762
0.935995
-1.05924
0.925403
-1.13814
0.914021
-1.21643
0.901857
-1.29405
0.888916
-1.37093
0.875207
-1.44701
0.860737
-1.52224
0.845515
-1.59656
0.829549
-1.66989
0.81285
-1.74218
0.795428
-1.81335
0.777295
-1.88334
0.758461
-1.95207
0.738941
-2.01948
0.718746
-2.08548
0.697891
-2.15001
0.676391
-2.21299
0.654261
-2.27433
0.631518
-2.33397
0.608178
-2.39183
0.58426
-2.44782
0.559781
-2.50188
0.534763
-2.55392
0.509223
-2.60386
0.483185
-2.65163
0.456669
-2.69717
0.429697
-2.74038
0.402293
-2.78121
0.374481
-2.81958
0.346285
-2.85542
0.317731
-2.88869
0.288844
-2.9193
0.259651
-2.94722
0.230179
-2.97238
0.200455
-2.99474
0.170508
-3.01425
0.140365
-3.03088
0.110057
-3.04459
0.0796107
-3.05535
0.0490571
-3.06315
0.0184257
-3.06795
-0.0122539
-3.06976
-0.0429514
-3.06856
-0.073637
-3.06435
-0.104281
-3.05714
-0.134852
-3.04694
-0.165321
-3.03376
-0.195659
-3.01763
-0.225835
-2.99858
-0.255821
-2.97664
-0.285587
-2.95184
-0.315106
-2.92423
-0.344348
-2.89386
-0.373287
-2.86078
-0.401895
-2.82504
-0.430145
-2.7867
-0.458012
-2.74584
-0.48547
-2.70251
-0.512495
-2.65678
-0.539063
-2.60872
-0.56515
-2.55842
-0.590735
-2.50593
-0.615794
-2.45135
-0.640307
-2.39474
-0.664255
-2.33619
-0.687617
-2.27578
-0.710375
-2.21358
-0.73251
-2.14967
-0.754007
-2.08414
-0.774848
-2.01705
-0.795019
-1.94849
-0.814504
-1.87853
-0.833289
-1.80724
-0.851361
-1.73471
-0.868709
-1.661
-0.885318
-1.58617
-0.90118
-1.51031
-0.916283
-1.43347
-0.930618
-1.35572
-0.944175
-1.27713
-0.956947
-1.19775
-0.968924
-1.11764
-0.9801
-1.03686
-0.990469
-0.955465
-1.00002
-0.873509
-1.00876
-0.791044
-1.01667
-0.708119
-1.02375
-0.624784
-1.03
-0.541086
-1.03541
-0.45707
-1.03998
-0.372783
-1.04371
-0.288269
-1.04659
-0.20357
-1.04863
-0.118729
-1.04981
-0.0337887
-1.05015
0.0512097
-1.04964
0.136225
-1.04828
0.221214
-1.04606
0.306138
-1.043
0.390953
-1.03909
0.475617
-1.03434
0.560087
-1.02874
0.644321
-1.02229
0.728272
-1.01501
0.811896
-1.00689
0.895146
-0.99794
0.977973
-0.988161
1.06033
-0.977557
1.14216
-0.966136
1.22341
-0.953902
1.30404
-0.940861
1.38398
-0.927021
1.46317
-0.91239
1.54155
-0.896974
1.61906
-0.880784
1.69565
-0.863827
1.77123
-0.846115
1.84574
-0.827658
1.91911
-0.808466
1.99128
-0.788554
2.06215
-0.767932
2.13167
-0.746615
2.19974
-0.724618
2.2663
-0.701955
2.33126
-0.678642
2.39454
-0.654697
2.45606
-0.630136
2.51573
-0.604979
2.57348
-0.579244
2.62922
-0.552952
2.68286
-0.526124
2.73433
-0.49878
2.78354
-0.470945
2.83042
-0.442641
2.87489
-0.413892
2.91686
-0.384723
2.95628
-0.35516
2.99306
-0.32523
3.02714
-0.294958
3.05845
-0.264374
3.08694
-0.233505
3.11255
-0.202379
3.13522
-0.171027
3.15492
-0.139478
3.1716
-0.107762
3.18522
-0.0759095
3.19576
-0.0439519
3.2032
-0.0119199
3.2075
0.0201551
3.20867
0.0522418
3.20669
0.0843087
3.20158
0.116325
3.19332
0.148258
3.18195
0.180077
3.16747
0.211752
3.14992
0.243251
3.12932
0.274544
3.10572
0.305602
3.07915
0.336393
3.04967
0.36689
3.01732
0.397063
2.98216
0.426885
2.94427
0.456327
2.90369
0.485364
2.86051
0.513969
2.81479
0.542117
2.76661
0.569783
2.71604
0.596944
2.66318
0.623576
2.60809
0.649656
2.55086
0.675165
2.49158
0.700081
2.43033
0.724384
2.36719
0.748056
2.30225
0.771079
2.23559
0.793434
2.16729
0.815107
2.09744
0.836082
2.02611
0.856343
1.9534
0.875877
1.87936
0.89467
1.80409
0.912711
1.72765
0.929988
1.65011
0.946489
1.57156
0.962205
1.49204
0.977125
1.41164
0.991241
1.33041
1.00455
1.24841
1.01703
1.1657
1.02869
1.08235
1.03951
0.998402
1.04949
0.91391
1.05863
0.828927
1.06692
0.743502
1.07436
0.657682
1.08093
0.571512
1.08665
0.485037
1.0915
0.3983
1.09548
0.311342
1.0986
0.224206
1.10084
0.13693
1.10221
0.0495545
1.1027
-0.0378818
1.10232
-0.12534
1.10107
-0.212781
1.09894
-0.300167
1.09594
-0.387458
1.09207
-0.474616
1.08732
-0.561599
1.0817
-0.648366
1.07522
-0.734877
1.06787
-0.821087
1.05966
-0.906952
1.05059
-0.992427
1.04067
-1.07746
1.02989
-1.16201
1.01827
-1.24602
1.00581
-1.32944
0.992518
-1.41221
0.978396
-1.49428
0.963453
-1.57558
0.947698
-1.65605
0.931137
-1.73563
0.913781
-1.81426
0.895638
-1.89186
0.876719
-1.96836
0.857036
-2.04368
0.836599
-2.11776
0.815421
-2.19052
0.793516
-2.26186
0.770898
-2.33172
0.74758
-2.4
0.72358
-2.46663
0.698914
-2.53151
0.673599
-2.59456
0.647653
-2.6557
0.621096
-2.71482
0.593948
-2.77185
0.56623
-2.8267
0.537963
-2.87927
0.50917
-2.92948
0.479875
-2.97725
0.450103
-3.0225
0.419878
-3.06513
0.389226
-3.10508
0.358176
-3.14227
0.326753
-3.17662
0.294987
-3.20808
0.262906
-3.23657
0.23054
-3.26204
0.19792
-3.28443
0.165075
-3.3037
0.132038
-3.31981
0.0988404
-3.33271
0.0655133
-3.34238
0.0320895
-3.3488
-0.00139847
-3.35194
-0.0349179
-3.3518
-0.0684359
-3.34838
-0.10192
-3.34168
-0.135337
-3.33171
-0.168654
-3.31849
-0.201838
-3.30204
-0.234859
-3.28239
-0.267683
-3.25959
-0.300279
-3.23366
-0.332615
-3.20468
-0.364662
-3.17268
-0.396389
-3.13773
-0.427766
-3.09989
-0.458765
-3.05924
-0.489357
-3.01584
-0.519516
-2.96977
-0.549214
-2.92112
-0.578425
-2.86996
-0.607124
-2.81639
-0.635288
-2.76048
-0.662893
-2.70232
-0.689916
-2.64201
-0.716336
-2.57964
-0.742133
-2.51529
-0.767286
-2.44905
-0.791776
-2.38102
-0.815586
-2.31129
-0.838699
-2.23993
-0.861099
-2.16704
-0.882769
-2.0927
-0.903696
-2.017
-0.923866
-1.94001
-0.943266
-1.86181
-0.961884
-1.78248
-0.979709
-1.70209
-0.99673
-1.62072
-1.01294
-1.53843
-1.02832
-1.45529
-1.04287
-1.37136
-1.05659
-1.2867
-1.06945
-1.20137
-1.08147
-1.11543
-1.09262
-1.02893
-1.10291
-0.941925
-1.11233
-0.854458
-1.12088
-0.766578
-1.12854
-0.67833
-1.13533
-0.589759
-1.14122
-0.500905
-1.14623
-0.411809
-1.15035
-0.32251
-1.15358
-0.233045
-1.15591
-0.143452
-1.15734
-0.0537659
-1.15788
0.0359764
-1.15752
0.12574
-1.15626
0.215489
-1.15411
0.305189
-1.15105
0.394803
-1.14711
0.484296
-1.14226
0.573631
-1.13653
0.662769
-1.1299
0.751673
-1.12238
0.840301
-1.11398
0.928612
-1.10469
1.01656
-1.09453
1.10411
-1.08349
1.1912
-1.07157
1.2778
-1.0588
1.36384
-1.04516
1.44927
-1.03067
1.53404
-1.01532
1.61809
-0.999144
1.70135
-0.98213
1.78377
-0.964293
1.86528
-0.94564
1.9458
-0.926182
2.02526
-0.905929
2.1036
-0.884893
2.18072
-0.863086
2.25656
-0.84052
2.33103
-0.81721
2.40404
-0.79317
2.4755
-0.768415
2.54533
-0.742961
2.61344
-0.716827
2.67974
-0.69003
2.74412
-0.662588
2.80651
-0.634523
2.86679
-0.605855
2.92489
-0.576607
2.98069
-0.5468
3.03412
-0.516458
3.08508
-0.485608
3.13347
-0.454273
3.17921
-0.422481
3.22221
-0.390259
3.2624
-0.357635
3.29968
-0.324638
3.33398
-0.291298
3.36524
-0.257646
3.39339
-0.223712
3.41836
-0.189528
3.4401
-0.155127
3.45856
-0.120542
3.4737
-0.0858045
3.48549
-0.0509496
3.49389
-0.0160107
3.49888
0.0189781
3.50045
0.0539825
3.49859
0.0889684
3.4933
0.123901
3.48459
0.158747
3.47248
0.193472
3.45699
0.228042
3.43815
0.262424
3.41599
0.296583
3.39057
0.330489
3.36193
0.364108
3.33013
0.39741
3.29523
0.430362
3.2573
0.462935
3.21641
0.495099
3.17265
0.526826
3.12609
0.558086
3.07681
0.588854
3.02492
0.619104
2.97049
0.648809
2.91362
0.677945
2.8544
0.706489
2.79294
0.734418
2.72932
0.761711
2.66364
0.788348
2.59601
0.814308
2.52651
0.839573
2.45523
0.864125
2.38229
0.887948
2.30776
0.911025
2.23173
0.933343
2.1543
0.954886
2.07554
0.975641
1.99555
0.995597
1.9144
1.01474
1.83217
1.03306
1.74893
1.05055
1.66476
1.0672
1.57973
1.083
1.4939
1.09794
1.40733
1.11201
1.32008
1.12521
1.23221
1.13753
1.14378
1.14897
1.05484
1.15952
0.965429
1.16917
0.875602
1.17793
0.7854
1.18578
0.694866
1.19273
0.60404
1.19877
0.512961
1.2039
0.421665
1.20812
0.330187
1.21142
0.238562
1.21381
0.146822
1.21527
0.0550011
1.21582
-0.0368704
1.21545
-0.128761
1.21417
-0.220638
1.21196
-0.312472
1.20884
-0.40423
1.20479
-0.49588
1.19983
-0.587389
1.19396
-0.678723
1.18717
-0.769847
1.17948
-0.860724
1.17087
-0.951316
1.16135
-1.04158
1.15094
-1.13148
1.13962
-1.22097
1.12741
-1.31
1.11431
-1.39853
1.10033
-1.48649
1.08546
-1.57384
1.06973
-1.66053
1.05312
-1.74648
1.03566
-1.83164
1.01734
-1.91594
0.99818
-1.99931
0.978187
-2.08168
0.95737
-2.16297
0.935741
-2.2431
0.91331
-2.32199
0.89009
-2.39956
0.866094
-2.47572
0.841337
-2.55038
0.815833
-2.62344
0.789599
-2.69481
0.762651
-2.7644
0.735007
-2.8321
0.706686
-2.89782
0.677707
-2.96145
0.648093
-3.0229
0.617864
-3.08206
0.587043
-3.13883
0.555655
-3.19311
0.523724
-3.24481
0.491276
-3.29382
0.458338
-3.34005
0.424937
-3.38341
0.391103
-3.42381
0.356865
-3.46117
0.322253
-3.49541
0.287299
-3.52644
0.252035
-3.55421
0.216493
-3.57865
0.180706
-3.5997
0.144709
-3.61732
0.108536
-3.63145
0.0722215
-3.64206
0.0358008
-3.64913
-0.000690507
-3.65264
-0.0372169
-3.65257
-0.0737427
-3.64893
-0.110232
-3.64171
-0.146649
-3.63093
-0.182958
-3.61661
-0.219124
-3.59878
-0.255112
-3.57747
-0.290887
-3.55274
-0.326414
-3.52464
-0.361661
-3.49321
-0.396593
-3.45854
-0.431178
-3.42068
-0.465385
-3.37972
-0.499182
-3.33575
-0.53254
-3.28883
-0.565428
-3.23908
-0.597819
-3.18657
-0.629684
-3.13141
-0.660999
-3.0737
-0.691736
-3.01354
-0.721871
-2.95102
-0.751381
-2.88627
-0.780244
-2.81937
-0.808438
-2.75043
-0.835942
-2.67956
-0.862737
-2.60685
-0.888806
-2.5324
-0.91413
-2.45632
-0.938693
-2.3787
-0.96248
-2.29964
-0.985477
-2.21922
-1.00767
-2.13753
-1.02904
-2.05467
-1.04959
-1.9707
-1.0693
-1.88571
-1.08815
-1.79978
-1.10615
-1.71297
-1.12328
-1.62536
-1.13954
-1.53701
-1.15491
-1.44799
-1.16939
-1.35834
-1.18297
-1.26813
-1.19565
-1.17741
-1.20742
-1.08622
-1.21829
-0.994622
-1.22823
-0.902648
-1.23726
-0.810342
-1.24536
-0.717743
-1.25254
-0.624887
-1.25879
-0.531808
-1.26411
-0.43854
-1.26849
-0.345112
-1.27194
-0.251556
-1.27446
-0.1579
-1.27604
-0.0641717
-1.27668
0.0296018
-1.27638
0.123394
-1.27515
0.217177
-1.27298
0.310925
-1.26987
0.404611
-1.26582
0.498207
-1.26084
0.591685
-1.25492
0.685015
-1.24807
0.778166
-1.24029
0.871107
-1.23158
0.963803
-1.22194
1.05622
-1.21138
1.14832
-1.1999
1.24005
-1.1875
1.33139
-1.17418
1.42228
-1.15996
1.51267
-1.14483
1.60252
-1.12881
1.69176
-1.11189
1.78034
-1.09409
1.8682
-1.07541
1.95528
-1.05585
2.0415
-1.03544
2.12679
-1.01417
2.21108
-0.992059
2.29428
-0.969117
2.37632
-0.945353
2.45711
-0.920782
2.53656
-0.895417
2.61458
-0.869271
2.69106
-0.84236
2.76592
-0.814701
2.83905
-0.786311
2.91035
-0.757207
2.97971
-0.72741
3.04702
-0.69694
3.11219
-0.665818
3.17509
-0.634067
3.23563
-0.601711
3.29368
-0.568774
3.34916
-0.535282
3.40194
-0.501263
3.45193
-0.466744
3.49902
-0.431753
3.54312
-0.396322
3.58413
-0.360481
3.62196
-0.324261
3.65652
-0.287696
3.68775
-0.250819
3.71556
-0.213663
3.73988
-0.176264
3.76066
-0.138658
3.77784
-0.100879
3.79139
-0.0629655
3.80126
-0.0249529
3.80742
0.0131213
3.80987
0.05122
3.80858
0.0893058
3.80357
0.127342
3.79483
0.16529
3.78238
0.203114
3.76626
0.240776
3.74649
0.278241
3.72312
0.315472
3.6962
0.352434
3.66579
0.389092
3.63197
0.425412
3.59479
0.46136
3.55435
0.496903
3.51072
0.53201
3.464
0.56665
3.41429
0.600793
3.36168
0.63441
3.30628
0.667473
3.2482
0.699955
3.18754
0.73183
3.12441
0.763074
3.05892
0.793664
2.99119
0.823575
2.92132
0.852789
2.84943
0.881283
2.77562
0.909039
2.70001
0.936039
2.6227
0.962266
2.54379
0.987704
2.46338
1.01234
2.38157
1.03615
2.29846
1.05914
2.21414
1.08128
2.12869
1.10257
2.0422
1.12299
1.95474
1.14254
1.86641
1.1612
1.77726
1.17897
1.68736
1.19585
1.59679
1.21181
1.5056
1.22687
1.41385
1.24101
1.32159
1.25422
1.22887
1.26651
1.13574
1.27787
1.04224
1.28829
0.948414
1.29778
0.854298
1.30632
0.759928
1.31392
0.665336
1.32057
0.570551
1.32628
0.475603
1.33103
0.380518
1.33484
0.285322
1.33769
0.190037
1.33959
0.0946875
1.34054
-0.000704841
1.34053
-0.0961184
1.33957
-0.191532
1.33766
-0.286924
1.33479
-0.382272
1.33096
-0.477556
1.32619
-0.572751
1.32046
-0.667834
1.31378
-0.762779
1.30616
-0.85756
1.29758
-0.952148
1.28806
-1.04651
1.27759
-1.14062
1.26619
-1.23444
1.25384
-1.32793
1.24056
-1.42105
1.22635
-1.51375
1.21122
-1.606
1.19516
-1.69773
1.17818
-1.78889
1.16029
-1.87944
1.14149
-1.9693
1.1218
-2.0584
1.10122
-2.14669
1.07975
-2.23408
1.05741
-2.3205
1.0342
-2.40587
1.01015
-2.4901
0.985245
-2.57309
0.959514
-2.65477
0.932967
-2.73502
0.905617
-2.81375
0.877479
-2.89086
0.84857
-2.96623
0.818908
-3.03977
0.78851
-3.11135
0.757397
-3.18086
0.725588
-3.24819
0.693107
-3.31322
0.659974
-3.37583
0.626216
-3.43592
0.591857
-3.49335
0.556923
-3.54803
0.521443
-3.59983
0.485445
-3.64864
0.448958
-3.69437
0.412015
-3.73691
0.374646
-3.77615
0.336884
-3.81201
0.298764
-3.84441
0.26032
-3.87325
0.221587
-3.89848
0.182603
-3.92001
0.143402
-3.93781
0.104024
-3.95182
0.0645062
-3.96199
0.0248863
-3.96831
-0.0147968
-3.97075
-0.0545043
-3.9693
-0.0941972
-3.96396
-0.133837
-3.95474
-0.173384
-3.94166
-0.212801
-3.92476
-0.252048
-3.90406
-0.291089
-3.87962
-0.329885
-3.85149
-0.3684
-3.81975
-0.406598
-3.78446
-0.444442
-3.7457
-0.481899
-3.70356
-0.518935
-3.65814
-0.555516
-3.60954
-0.591612
-3.55786
-0.62719
-3.5032
-0.662222
-3.44569
-0.696679
-3.38543
-0.730533
-3.32255
-0.763759
-3.25716
-0.79633
-3.18937
-0.828224
-3.11932
-0.859417
-3.04712
-0.889889
-2.97289
-0.919618
-2.89675
-0.948585
-2.8188
-0.976773
-2.73917
-1.00416
-2.65795
-1.03074
-2.57527
-1.0565
-2.49122
-1.08141
-2.4059
-1.10547
-2.3194
-1.12866
-2.23182
-1.15098
-2.14324
-1.17241
-2.05375
-1.19295
-1.96343
-1.21258
-1.87234
-1.23131
-1.78056
-1.24911
-1.68815
-1.266
-1.59518
-1.28195
-1.5017
-1.29696
-1.40776
-1.31104
-1.31341
-1.32418
-1.2187
-1.33636
-1.12366
-1.3476
-1.02834
-1.35788
-0.932773
-1.36721
-0.836986
-1.37558
-0.74101
-1.38299
-0.644871
-1.38944
-0.548594
-1.39492
-0.452202
-1.39945
-0.355713
-1.403
-0.259149
-1.4056
-0.162525
-1.40722
-0.0658591
-1.40788
0.0308328
-1.40757
0.127535
-1.4063
0.224232
-1.40405
0.32091
-1.40084
0.41755
-1.39667
0.514138
-1.39153
0.610656
-1.38542
0.707086
-1.37835
0.803407
-1.37032
0.899598
-1.36132
0.995635
-1.35136
1.09149
-1.34045
1.18714
-1.32858
1.28255
-1.31575
1.37769
-1.30197
1.47252
-1.28725
1.567
-1.27158
1.66109
-1.25497
1.75474
-1.23742
1.84789
-1.21894
1.94049
-1.19954
2.03249
-1.17921
2.12381
-1.15797
2.21439
-1.13583
2.30416
-1.11279
2.39304
-1.08886
2.48094
-1.06405
2.56777
-1.03837
2.65346
-1.01184
2.73789
-0.984458
2.82098
-0.956248
2.90261
-0.927222
2.98268
-0.897395
3.06107
-0.866784
3.13768
-0.835408
3.21238
-0.803284
3.28506
-0.770433
3.35558
-0.736877
3.42383
-0.702639
3.48969
-0.667742
3.55302
-0.632212
3.6137
-0.596075
3.67161
-0.559359
3.72663
-0.522093
3.77863
-0.484306
3.8275
-0.446031
3.87313
-0.4073
3.91541
-0.368146
3.95423
-0.328604
3.9895
-0.288709
4.02112
-0.248497
4.04903
-0.208007
4.07313
-0.167276
4.09337
-0.126342
4.10968
-0.0852453
4.12203
-0.044025
4.13038
-0.00272123
4.13469
0.0386257
4.13496
0.0799752
4.13117
0.121287
4.12334
0.16252
4.11149
0.203635
4.09563
0.244592
4.07581
0.28535
4.05208
0.32587
4.02449
0.366115
3.99312
0.406047
3.95804
0.445627
3.91933
0.48482
3.87709
0.523591
3.83141
0.561905
3.78242
0.599729
3.7302
0.637031
3.67489
0.67378
3.6166
0.709946
3.55545
0.745501
3.49157
0.780416
3.4251
0.814667
3.35615
0.848229
3.28485
0.881077
3.21134
0.913191
3.13574
0.944548
3.05818
0.97513
2.97878
1.00492
2.89765
1.03389
2.81493
1.06204
2.73072
1.08935
2.64513
1.1158
2.55827
1.14138
2.47024
1.16609
2.38114
1.1899
2.29105
1.21281
2.20008
1.23481
2.10829
1.25589
2.01577
1.27605
1.92259
1.29528
1.82882
1.31356
1.73451
1.33091
1.63974
1.34731
1.54454
1.36275
1.44898
1.37724
1.35309
1.39077
1.25692
1.40334
1.16051
1.41495
1.06388
1.42559
0.967065
1.43526
0.870097
1.44396
0.772995
1.45169
0.675783
1.45845
0.578477
1.46423
0.481095
1.46904
0.383651
1.47288
0.286158
1.47574
0.188627
1.47763
0.0910696
1.47854
-0.0065053
1.47847
-0.104089
1.47743
-0.201671
1.47541
-0.299244
1.47242
-0.396799
1.46845
-0.494325
1.46351
-0.591812
1.45759
-0.689249
1.4507
-0.786622
1.44283
-0.883916
1.43399
-0.981114
1.42418
-1.0782
1.4134
-1.17515
1.40165
-1.27194
1.38893
-1.36854
1.37524
-1.46492
1.3606
-1.56105
1.34499
-1.6569
1.32842
-1.75241
1.31089
-1.84754
1.29242
-1.94225
1.27299
-2.03648
1.25263
-2.13017
1.23133
-2.22325
1.2091
-2.31565
1.18594
-2.40731
1.16187
-2.49815
1.13688
-2.58806
1.111
-2.67698
1.08423
-2.76481
1.05659
-2.85143
1.02807
-2.93676
0.998704
-3.02068
0.968497
-3.10307
0.937466
-3.18383
0.905628
-3.26282
0.873
-3.33993
0.8396
-3.41502
0.80545
-3.48797
0.77057
-3.55864
0.734984
-3.6269
0.698715
-3.69262
0.661789
-3.75566
0.624232
-3.81588
0.586073
-3.87316
0.547342
-3.92736
0.508068
-3.97836
0.468284
-4.02604
0.428024
-4.07027
0.387321
-4.11095
0.346212
-4.14797
0.304732
-4.18122
0.26292
-4.21062
0.220814
-4.2361
0.178453
-4.25756
0.135877
-4.27496
0.0931276
-4.28823
0.0502453
-4.29734
0.00727182
-4.30227
-0.0357508
-4.30298
-0.0787806
-4.29948
-0.121775
-4.29176
-0.164693
-4.27986
-0.207492
-4.26379
-0.250129
-4.2436
-0.292566
-4.21934
-0.334759
-4.19108
-0.37667
-4.15888
-0.418259
-4.12284
-0.459487
-4.08303
-0.500317
-4.03957
-0.540713
-3.99256
-0.580639
-3.94211
-0.62006
-3.88836
-0.658943
-3.83141
-0.697257
-3.77141
-0.734971
-3.70848
-0.772056
-3.64276
-0.808484
-3.5744
-0.844228
-3.50352
-0.879263
-3.43027
-0.913566
-3.35478
-0.947113
-3.2772
-0.979885
-3.19765
-1.01186
-3.11626
-1.04302
-3.03318
-1.07336
-2.94851
-1.10284
-2.86239
-1.13147
-2.77492
-1.15921
-2.68623
-1.18608
-2.59642
-1.21204
-2.50558
-1.2371
-2.41382
-1.26123
-2.32122
-1.28445
-2.22788
-1.30673
-2.13387
-1.32806
-2.03927
-1.34846
-1.94414
-1.3679
-1.84855
-1.38638
-1.75257
-1.40391
-1.65623
-1.42047
-1.55959
-1.43607
-1.46269
-1.4507
-1.36558
-1.46435
-1.26829
-1.47703
-1.17084
-1.48874
-1.07327
-1.49948
-0.975602
-1.50923
-0.877852
-1.51801
-0.780037
-1.52581
-0.682174
-1.53263
-0.584273
-1.53847
-0.486344